index,value,gap,status,computing_time,max_time,cpu,max_memory
153,4049.85,0.0,optimal,1450.8115906715393,1,32,118
190,3216.34,0.0,optimal,129.84453225135803,1,32,118
184,2589.75,0.0,optimal,400.6089999675751,1,32,118
185,5357.48,0.0,optimal,0.3630452156066894,1,32,118
191,5774.7,0.0,optimal,110.19948053359984,1,32,118
152,3872.4,0.0,optimal,228.780157327652,1,32,118
178,4600.79,0.0,optimal,1489.845998764038,1,32,118
187,4480.68,0.0,optimal,312.6448645591736,1,32,118
193,2615.5,0.0,optimal,278.43158745765686,1,32,118
192,282.0,0.0553191489361702,feasible,3600.179743528366,1,32,118
186,5247.3,0.0,optimal,142.5829565525055,1,32,118
179,2807.22,0.0,optimal,0.9585111141204834,1,32,118
151,640.85,0.0,optimal,110.55204248428343,1,32,118
169,5163.78,0.0,optimal,78.31904649734497,1,32,118
155,4376.7,0.0,optimal,90.39295029640198,1,32,118
182,3375.65,0.0,optimal,328.417174577713,1,32,118
196,5485.83,0.3147527356844816,feasible,3603.108319044113,1,32,118
197,2664.45,0.0,optimal,90.44141054153442,1,32,118
183,2427.54,0.0,optimal,346.66006565093994,1,32,118
154,1658.38,0.0,optimal,182.5090847015381,1,32,118
168,1654.32,0.0,optimal,255.75517177581787,1,32,118
156,1067.08,0.0,optimal,146.63140606880188,1,32,118
195,1193.56,0.0,optimal,451.65340542793274,1,32,118
181,3826.24,0.0,optimal,0.7464442253112793,1,32,118
180,3439.26,0.0,optimal,173.0317952632904,1,32,118
194,6256.65,0.1647638912197422,feasible,3600.7693161964417,1,32,118
157,3247.12,0.0,optimal,23.270336389541622,1,32,118
172,3473.76,0.0,optimal,1944.4879891872408,1,32,118
166,6374.64,0.0,optimal,202.2759039402008,1,32,118
199,715.2,0.0167785234899328,feasible,3600.1542184352875,1,32,118
198,2972.54,0.0,optimal,198.52719116210935,1,32,118
167,3861.4,0.0,optimal,228.46734142303467,1,32,118
173,6122.96,0.0,optimal,138.20930743217468,1,32,118
165,5549.77,0.0,optimal,107.60891962051392,1,32,118
171,1067.94,0.0,optimal,299.1065106391907,1,32,118
159,4250.44,0.0,optimal,343.45604157447815,1,32,118
158,615.84,0.0,optimal,127.17703104019164,1,32,118
170,4367.36,0.0,optimal,142.846262216568,1,32,118
164,5516.94,0.0,optimal,1926.3537249565125,1,32,118
160,4783.49,0.0,optimal,249.51396656036377,1,32,118
174,2411.2,0.0,optimal,223.86465620994568,1,32,118
175,3804.51,0.0,optimal,836.4180567264557,1,32,118
161,2214.7,0.0,optimal,207.4330699443817,1,32,118
177,4199.22,0.0,optimal,61.01697015762329,1,32,118
163,3813.6,0.0,optimal,2577.5188117027283,1,32,118
188,2840.76,0.0,optimal,337.0871465206146,1,32,118
200,4103.28,0.0,optimal,544.3849728107452,1,32,118
189,4253.98,0.0,optimal,453.73509073257446,1,32,118
162,695.4,0.1722749496692551,feasible,3600.190304756165,1,32,118
176,2852.94,0.0,optimal,77.3368628025055,1,32,118
